964646705
981433675
10000
12/1/2017
11712619
836026302
981433675
10000
30/3/2017
1172620
836026302
964646705
10000
14/3/2018
11712621
964646705
836026302
5000
19/3/2018
11712622
964646705
836026302
5000
19/3/2018
11712623
964646705
836026302
500
19/3/2018
11712624
964646705
836026302
5000
19/3/2018
11712625
964646705
836026302
512
19/3/2018
11712626
964646705
836026302
564
19/3/2018
11712627
964646705
NetPlus_Broad
4
19/3/2018
11712628
981433675
Lovely_Pro_Uni
6
19/3/2018
11712629
981433675
Connect_Broad
1
19/3/2018
11712630
981433675
Idea_Telecom
45
19/3/2018
11712631
981433675
Airtel_Tele
4
19/3/2018
11712632
981433675
Connect_Broad
4
19/3/2018
11712633
964646705
981433675
8
19/3/2018
11712634
964646705
836026302
1
20/3/2018
11712635
964646705
836026302
1
21/3/2018
11712636
981433675
Jio_Telecom
1
23/3/2018
11712637
981433675
Airtel_Tele
1
23/3/2018
11712638
981433675
Lovely_Pro_Uni
2
23/3/2018
11712639
981433675
Jio_Telecom
1
23/3/2018
11712640
981433675
Lovely_Pro_Uni
1
23/3/2018
11712641
981433675
Jio_Telecom
1
23/3/2018
11712642
964646705
836026302
2
3/4/2018
11712643
964646705
836026302
1
3/4/2018
11712644
964646705
836026302
1
3/4/2018
11712645
964646705
Lovely_Pro_Uni
4
3/4/2018
11712646
964646705
Airtel_Tele
12
3/4/2018
11712647
964646705
981433675
1000
6/4/2018
11712648
964646705
981433675
1
6/4/2018
11712649
964646705
NetPlus_Broad
1
6/4/2018
11712650
964646705
Airtel_Tele
1
6/4/2018
11712651
964646705
981433675
12
6/4/2018
11712652
964646705
981433675
1
8/4/2018
11712653
964646705
Connect_Broad
1
8/4/2018
11712654
964646705
Idea_Telecom
3
8/4/2018
11712655
964646705
981433675
12
12/4/2018
11712656
964646705
NetPlus_Broad
1
12/4/2018
11712657
964646705
Connect_Broad
12
12/4/2018
11712658
964646705
836026302
1
16/4/2018
11712659
964646705
836026302
1
16/4/2018
11712660
964646705
Connect_Broad
1
16/4/2018
11712661
964646705
836026302
1
16/4/2018
11712662
964646705
Connect_Broad
1
16/4/2018
11712663
964646705
Airtel_Tele
1
16/4/2018
11712664
964646705
836026302
1
16/4/2018
11712665
964646705
Lovely_Pro_Uni
5000
17/4/2018
11712666
